77
1
16
99
10
0
81
45
22
1
2
2
0
51
1
28
70
0
73
8
8
33
0
73
90
82
66
92
0
69
93
98
10
3
1
85
69
75
69
9
0
27
26
1
97
56
1
48
1
49
64
1
0
90
59
1
7
43
8
0
65
2
34
53
0
79
93
97
16
1
59
96
1
1
0
81
7
2
77
34
80
16
1
61
4
0
91
20
1
91
78
25
1
39
1
0
93
73
1
17
63
4
0
81
90
69
7
1
85
79
35
0
67
75
50
49
29
2
48
78
2
2
1
26
2
34
30
0
20
88
2
34
42
1
71
2
85
78
72
36
23
1
36
1
1
1
1
2
89
95
2
19
24
63
0
91
52
0
0
2
1
3
23
9
9
1
83
0
0
3
2
2
0
0
2
1
36
8
10
22
3
1
1
0
0
2
9
8
3
81
22
3
2
0
3
1
23
4
7
54
2
2
3
0
1
35
2
2
8
90
55
66
35
83
80
99
64
100
96
0
3
0
3
0
2
3
3
3
0
0
0
3
0
0
2
0
2
0
3
2
2
3
2
1
25
6
4
90
36
0
2
0
1
2
2
2
2
2
2
1
2
1
3
86
6
5
55
18
1
2
1
1
0
1
2
3
35
3
8
97
42
3
1
0
2
92
2
2
2
3
1
3
2
1
0
17
7
6
69
68
1
