77
1
16
99
10
0
81
45
22
1
2
2
0
51
1
28
70
0
73
8
8
33
0
73
90
82
66
92
0
69
93
98
10
0
34
85
2
75
68
0
4
27
26
1
97
56
1
49
34
1
64
62
0
90
59
1
7
43
8
0
65
88
1
53
0
79
93
97
16
1
59
96
1
1
0
81
0
83
77
33
2
16
58
1
4
30
2
20
44
90
2
25
66
38
1
16
92
2
41
17
1
4
31
2
90
69
7
43
2
79
36
24
66
2
50
49
0
74
48
2
88
72
52
0
76
34
30
16
0
89
89
34
41
1
71
75
84
2
72
36
23
47
35
1
55
53
1
2
88
2
88
19
24
1
30
90
1
5
5
55
1
91
23
97
90
1
2
7
3
75
1
52
0
11
1
41
1
2
71
22
2
40
27
0
0
2
10
78
0
81
22
79
72
0
99
32
23
39
76
1
71
52
86
0
31
36
0
0
0
3
2
2
1
82
11
14
64
100
96
20
3
0
3
0
2
3
3
3
0
0
0
3
0
0
2
0
2
0
3
2
2
3
2
1
25
8
7
12
6
1
10
24
44
56
2
2
2
2
2
1
2
1
3
3
2
2
2
0
30
8
6
50
5
30
69
95
35
37
98
97
42
90
48
0
2
3
2
2
2
3
1
89
7
7
2
3
13
11
69
68
1
25
59
80
56
19
19
0
3
2
1
36
9
6
1
7
8
88
33
80
5
100
1
1
0
2
3
56
2
7
97
53
2
1
3
0
30
7
6
4
7
39
69
86
2
0
0
3
1
41
3
1
5
9
63
1
61
15
74
0
23
63
92
1
2
3
2
1
2
3
1
0
30
5
1
66
31
79
3
3
1
0
0
3
0
3
0
3
2
93
56
15
3
2
0
0
1
34
1
4
3
88
21
59
5
14
80
2
3
3
2
3
1
3
2
0
50
1
1
85
75
3
2
3
1
0
23
4
5
95
18
3
2
0
1
43
5
3
75
4
7
53
3
2
0
2
3
0
3
3
2
1
18
2
1
3
18
46
28
3
3
0
2
3
3
2
0
0
1
25
2
5
37
11
3
0
3
3
2
2
1
7
4
4
34
83
3
1
0
3
1
1
0
3
0
0
3
0
3
1
2
71
4
3
61
62
3
0
2
3
2
0
3
2
2
3
0
2
2
3
3
3
0
1
99
95
75
1
3
3
1
3
0
0
0
2
22
1
2
3
4
3
4
2
2
1
45
52
