21
1
57
24
1
1
1
2
72
2
1
61
12
1
2
94
93
2
9
76
39
2
80
91
30
16
2
61
79
0
2
13
2
0
47
1
70
68
59
1
4
28
1
91
35
92
1
59
69
1
1
2
98
23
0
29
70
1
95
34
45
90
2
57
0
1
89
12
0
55
23
0
1
57
2
11
37
88
1
38
78
0
93
13
1
16
16
48
2
18
72
0
74
25
6
0
29
99
90
2
3
26
54
0
42
39
1
40
52
0
93
82
11
57
55
0
99
86
6
2
34
40
1
86
82
0
52
0
1
57
2
39
99
2
1
52
2
79
72
11
70
2
97
63
25
2
92
16
70
91
0
44
92
0
1
64
90
2
31
22
87
0
90
95
31
1
84
42
22
0
41
20
0
2
13
57
1
73
61
93
27
1
45
60
1
1
1
2
18
70
1
6
47
49
0
40
2
1
31
2
6
50
94
1
51
2
29
97
2
94
20
17
0
39
95
1
86
29
1
93
7
93
23
51
1
35
2
65
70
2
70
41
41
90
86
2
41
80
0
47
0
49
2
25
50
1
98
7
55
71
1
58
50
1
1
0
26
1
23
16
21
1
27
20
23
2
77
19
53
16
0
5
20
0
84
58
95
98
0
98
37
66
10
98
0
12
92
1
0
73
51
98
56
93
0
45
22
2
1
71
2
79
54
37
1
49
1
1
1
0
18
28
1
25
79
56
1
28
1
0
87
76
93
80
1
14
49
27
2
39
35
0
97
0
30
58
11
2
39
70
2
1
46
20
1
23
55
0
14
69
91
2
76
91
85
92
85
2
72
46
100
9
64
0
70
1
31
0
95
21
44
80
2
31
35
39
0
73
26
42
1
18
13
10
1
41
42
0
43
1
72
38
0
93
2
66
83
0
50
1
92
42
36
93
0
10
6
44
1
45
63
0
47
29
2
81
96
54
68
0
59
24
2
56
1
6
79
2
61
69
1
99
0
74
51
16
83
20
2
37
1
97
1
99
76
59
90
2
6
90
70
0
61
21
2
68
72
2
45
18
0
10
83
2
88
63
91
73
2
71
99
75
2
32
95
61
2
71
81
90
16
8
2
71
99
28
38
1
2
83
44
2
76
67
0
24
13
1
10
12
2
17
93
35
2
96
60
29
0
32
95
0
100
55
2
0
20
13
86
1
25
89
2
96
26
96
100
0
0
70
48
6
60
67
0
99
15
54
2
3
69
9
2
48
88
1
3
20
1
83
4
0
2
52
88
2
0
97
0
96
96
59
2
1
84
90
42
0
33
3
0
66
0
2
91
15
0
45
8
2
93
79
1
44
66
1
0
8
80
1
74
18
46
84
0
9
6
16
1
99
100
72
2
62
75
1
67
2
61
72
1
80
88
0
2
16
23
1
92
35
62
1
51
2
30
89
0
48
76
2
8
98
2
9
86
20
2
74
70
28
80
0
47
8
2
95
29
0
83
92
87
48
25
0
35
65
0
2
31
2
17
18
0
80
63
64
99
2
38
82
0
49
89
1
55
32
2
43
9
1
61
99
1
2
95
61
2
51
75
0
100
94
1
85
10
62
10
2
45
17
2
1
84
0
68
37
57
1
75
3
78
79
87
2
24
18
52
1
86
2
91
48
0
16
83
29
0
5
52
93
0
20
98
92
1
10
14
65
0
58
0
0
2
71
43
0
7
46
60
2
9
74
